DEBUG DETAILED_TIMERS
MOLINFO STRUCTURE=step3_input.pdb  # specify the PDB file
#WHOLEMOLECULES ENTITY0=1-676
WHOLEMOLECULES ENTITY0=1-355 ENTITY1=356-676

# add a correction that weakens hydrogen bonds

####################################################################################################
## gHBfix RESTRAINT SECTION
#####################################################################################################

gh: GHBFIX PAIR GROUPA=18,19,28,49,50,59,81,84,85,93,596,597,606,628,631,632,640,662,665,666,674,18,19,28,49,50,59,81,84,85,93,596,597,606,628,631,632,640,662,665,666,674,18,19,28,49,50,59,81,84,85,93,596,597,606,628,631,632,640,662,665,666,674,18,19,28,49,50,59,81,84,85,93,596,597,606,628,631,632,640,662,665,666,674,18,19,28,49,50,59,81,84,85,93,596,597,606,628,631,632,640,662,665,666,674,18,19,28,49,50,59,81,84,85,93,596,597,606,628,631,632,640,662,665,666,674,18,19,28,49,50,59,81,84,85,93,596,597,606,628,631,632,640,662,665,666,674,18,19,28,49,50,59,81,84,85,93,596,597,606,628,631,632,640,662,665,666,674,18,19,28,49,50,59,81,84,85,93,596,597,606,628,631,632,640,662,665,666,674,18,19,28,49,50,59,81,84,85,93,596,597,606,628,631,632,640,662,665,666,674,18,19,28,49,50,59,81,84,85,93,596,597,606,628,631,632,640,662,665,666,674,18,19,28,49,50,59,81,84,85,93,596,597,606,628,631,632,640,662,665,666,674,18,19,28,49,50,59,81,84,85,93,596,597,606,628,631,632,640,662,665,666,674,18,19,28,49,50,59,81,84,85,93,596,597,606,628,631,632,640,662,665,666,674,18,19,28,49,50,59,81,84,85,93,596,597,606,628,631,632,640,662,665,666,674,18,19,28,49,50,59,81,84,85,93,596,597,606,628,631,632,640,662,665,666,674,18,19,28,49,50,59,81,84,85,93,596,597,606,628,631,632,640,662,665,666,674,18,19,28,49,50,59,81,84,85,93,596,597,606,628,631,632,640,662,665,666,674,18,19,28,49,50,59,81,84,85,93,596,597,606,628,631,632,640,662,665,666,674,18,19,28,49,50,59,81,84,85,93,596,597,606,628,631,632,640,662,665,666,674,18,19,28,49,50,59,81,84,85,93,596,597,606,628,631,632,640,662,665,666,674,18,19,28,49,50,59,81,84,85,93,596,597,606,628,631,632,640,662,665,666,674,18,19,28,49,50,59,81,84,85,93,596,597,606,628,631,632,640,662,665,666,674,18,19,28,49,50,59,81,84,85,93,596,597,606,628,631,632,640,662,665,666,674,18,19,28,49,50,59,81,84,85,93,596,597,606,628,631,632,640,662,665,666,674,18,19,28,49,50,59,81,84,85,93,596,597,606,628,631,632,640,662,665,666,674,18,19,28,49,50,59,81,84,85,93,596,597,606,628,631,632,640,662,665,666,674,18,19,28,49,50,59,81,84,85,93,596,597,606,628,631,632,640,662,665,666,674,18,19,28,49,50,59,81,84,85,93,596,597,606,628,631,632,640,662,665,666,674,18,19,28,49,50,59,81,84,85,93,596,597,606,628,631,632,640,662,665,666,674,18,19,28,49,50,59,81,84,85,93,596,597,606,628,631,632,640,662,665,666,674,18,19,28,49,50,59,81,84,85,93,596,597,606,628,631,632,640,662,665,666,674,18,19,28,49,50,59,81,84,85,93,596,597,606,628,631,632,640,662,665,666,674,18,19,28,49,50,59,81,84,85,93,596,597,606,628,631,632,640,662,665,666,674,18,19,28,49,50,59,81,84,85,93,596,597,606,628,631,632,640,662,665,666,674,18,19,28,49,50,59,81,84,85,93,596,597,606,628,631,632,640,662,665,666,674,18,19,28,49,50,59,81,84,85,93,596,597,606,628,631,632,640,662,665,666,674,18,19,28,49,50,59,81,84,85,93,596,597,606,628,631,632,640,662,665,666,674,18,19,28,49,50,59,81,84,85,93,596,597,606,628,631,632,640,662,665,666,674,18,19,28,49,50,59,81,84,85,93,596,597,606,628,631,632,640,662,665,666,674,18,19,28,49,50,59,81,84,85,93,596,597,606,628,631,632,640,662,665,666,674,18,19,28,49,50,59,81,84,85,93,596,597,606,628,631,632,640,662,665,666,674,18,19,28,49,50,59,81,84,85,93,596,597,606,628,631,632,640,662,665,666,674,18,19,28,49,50,59,81,84,85,93,596,597,606,628,631,632,640,662,665,666,674,18,19,28,49,50,59,81,84,85,93,596,597,606,628,631,632,640,662,665,666,674,18,19,28,49,50,59,81,84,85,93,596,597,606,628,631,632,640,662,665,666,674,18,19,28,49,50,59,81,84,85,93,596,597,606,628,631,632,640,662,665,666,674,18,19,28,49,50,59,81,84,85,93,596,597,606,628,631,632,640,662,665,666,674,18,19,28,49,50,59,81,84,85,93,596,597,606,628,631,632,640,662,665,666,674,115,118,119,127,567,575,115,118,119,127,567,575,115,118,119,127,567,575,115,118,119,127,567,575,115,118,119,127,567,575,115,118,119,127,567,575,115,118,119,127,567,575,115,118,119,127,567,575,115,118,119,127,567,575,115,118,119,127,567,575,115,118,119,127,567,575,115,118,119,127,567,575,115,118,119,127,567,575,115,118,119,127,567,575,115,118,119,127,567,575,115,118,119,127,567,575,115,118,119,127,567,575,49,50,59,81,84,85,93,115,118,119,127,567,575,596,597,606,628,631,632,640,49,50,59,81,84,85,93,115,118,119,127,567,575,596,597,606,628,631,632,640,49,50,59,81,84,85,93,115,118,119,127,567,575,596,597,606,628,631,632,640,49,50,59,81,84,85,93,115,118,119,127,567,575,596,597,606,628,631,632,640,49,50,59,81,84,85,93,115,118,119,127,567,575,596,597,606,628,631,632,640,49,50,59,81,84,85,93,115,118,119,127,567,575,596,597,606,628,631,632,640,49,50,59,81,84,85,93,115,118,119,127,567,575,596,597,606,628,631,632,640,49,50,59,81,84,85,93,115,118,119,127,567,575,596,597,606,628,631,632,640,49,50,59,81,84,85,93,115,118,119,127,567,575,596,597,606,628,631,632,640,49,50,59,81,84,85,93,115,118,119,127,567,575,596,597,606,628,631,632,640,49,50,59,81,84,85,93,115,118,119,127,567,575,596,597,606,628,631,632,640,49,50,59,81,84,85,93,115,118,119,127,567,575,596,597,606,628,631,632,640,49,50,59,81,84,85,93,115,118,119,127,567,575,596,597,606,628,631,632,640,49,50,59,81,84,85,93,115,118,119,127,567,575,596,597,606,628,631,632,640,49,50,59,81,84,85,93,115,118,119,127,567,575,596,597,606,628,631,632,640,49,50,59,81,84,85,93,115,118,119,127,567,575,596,597,606,628,631,632,640,49,50,59,81,84,85,93,115,118,119,127,567,575,596,597,606,628,631,632,640,115,118,119,127,567,575,115,118,119,127,567,575,115,118,119,127,567,575,115,118,119,127,567,575,115,118,119,127,567,575,115,118,119,127,567,575,115,118,119,127,567,575,115,118,119,127,567,575,115,118,119,127,567,575,115,118,119,127,567,575,115,118,119,127,567,575,115,118,119,127,567,575,115,118,119,127,567,575,115,118,119,127,567,575,115,118,119,127,567,575,115,118,119,127,567,575,115,118,119,127,567,575,148,149,158,533,536,537,545,148,149,158,533,536,537,545,148,149,158,533,536,537,545,148,149,158,533,536,537,545,148,149,158,533,536,537,545,148,149,158,533,536,537,545,148,149,158,533,536,537,545,148,149,158,533,536,537,545,148,149,158,533,536,537,545,148,149,158,533,536,537,545,148,149,158,533,536,537,545,148,149,158,533,536,537,545,148,149,158,533,536,537,545,148,149,158,533,536,537,545,148,149,158,533,536,537,545,148,149,158,533,536,537,545,148,149,158,533,536,537,545,148,149,158,533,536,537,545,81,84,85,93,115,118,119,127,148,149,158,533,536,537,545,567,575,596,597,606,81,84,85,93,115,118,119,127,148,149,158,533,536,537,545,567,575,596,597,606,81,84,85,93,115,118,119,127,148,149,158,533,536,537,545,567,575,596,597,606,81,84,85,93,115,118,119,127,148,149,158,533,536,537,545,567,575,596,597,606,81,84,85,93,115,118,119,127,148,149,158,533,536,537,545,567,575,596,597,606,81,84,85,93,115,118,119,127,148,149,158,533,536,537,545,567,575,596,597,606,81,84,85,93,115,118,119,127,148,149,158,533,536,537,545,567,575,596,597,606,81,84,85,93,115,118,119,127,148,149,158,533,536,537,545,567,575,596,597,606,81,84,85,93,115,118,119,127,148,149,158,533,536,537,545,567,575,596,597,606,81,84,85,93,115,118,119,127,148,149,158,533,536,537,545,567,575,596,597,606,81,84,85,93,115,118,119,127,148,149,158,533,536,537,545,567,575,596,597,606,81,84,85,93,115,118,119,127,148,149,158,533,536,537,545,567,575,596,597,606,81,84,85,93,115,118,119,127,148,149,158,533,536,537,545,567,575,596,597,606,81,84,85,93,115,118,119,127,148,149,158,533,536,537,545,567,575,596,597,606,81,84,85,93,115,118,119,127,148,149,158,533,536,537,545,567,575,596,597,606,81,84,85,93,115,118,119,127,148,149,158,533,536,537,545,567,575,596,597,606,81,84,85,93,115,118,119,127,148,149,158,533,536,537,545,567,575,596,597,606,148,149,158,533,536,537,545,148,149,158,533,536,537,545,148,149,158,533,536,537,545,148,149,158,533,536,537,545,148,149,158,533,536,537,545,148,149,158,533,536,537,545,148,149,158,533,536,537,545,148,149,158,533,536,537,545,148,149,158,533,536,537,545,148,149,158,533,536,537,545,148,149,158,533,536,537,545,148,149,158,533,536,537,545,148,149,158,533,536,537,545,148,149,158,533,536,537,545,148,149,158,533,536,537,545,148,149,158,533,536,537,545,179,180,191,501,502,511,179,180,191,501,502,511,179,180,191,501,502,511,179,180,191,501,502,511,179,180,191,501,502,511,179,180,191,501,502,511,179,180,191,501,502,511,179,180,191,501,502,511,179,180,191,501,502,511,179,180,191,501,502,511,179,180,191,501,502,511,179,180,191,501,502,511,179,180,191,501,502,511,179,180,191,501,502,511,179,180,191,501,502,511,179,180,191,501,502,511,179,180,191,501,502,511,179,180,191,501,502,511,179,180,191,501,502,511,179,180,191,501,502,511,179,180,191,501,502,511,179,180,191,501,502,511,179,180,191,501,502,511,179,180,191,501,502,511,179,180,191,501,502,511,179,180,191,501,502,511,81,84,85,93,115,118,119,127,148,149,158,179,180,191,501,502,511,533,536,537,545,567,575,596,597,606,81,84,85,93,115,118,119,127,148,149,158,179,180,191,501,502,511,533,536,537,545,567,575,596,597,606,81,84,85,93,115,118,119,127,148,149,158,179,180,191,501,502,511,533,536,537,545,567,575,596,597,606,81,84,85,93,115,118,119,127,148,149,158,179,180,191,501,502,511,533,536,537,545,567,575,596,597,606,81,84,85,93,115,118,119,127,148,149,158,179,180,191,501,502,511,533,536,537,545,567,575,596,597,606,81,84,85,93,115,118,119,127,148,149,158,179,180,191,501,502,511,533,536,537,545,567,575,596,597,606,81,84,85,93,115,118,119,127,148,149,158,179,180,191,501,502,511,533,536,537,545,567,575,596,597,606,81,84,85,93,115,118,119,127,148,149,158,179,180,191,501,502,511,533,536,537,545,567,575,596,597,606,81,84,85,93,115,118,119,127,148,149,158,179,180,191,501,502,511,533,536,537,545,567,575,596,597,606,81,84,85,93,115,118,119,127,148,149,158,179,180,191,501,502,511,533,536,537,545,567,575,596,597,606,81,84,85,93,115,118,119,127,148,149,158,179,180,191,501,502,511,533,536,537,545,567,575,596,597,606,81,84,85,93,115,118,119,127,148,149,158,179,180,191,501,502,511,533,536,537,545,567,575,596,597,606,81,84,85,93,115,118,119,127,148,149,158,179,180,191,501,502,511,533,536,537,545,567,575,596,597,606,81,84,85,93,115,118,119,127,148,149,158,179,180,191,501,502,511,533,536,537,545,567,575,596,597,606,81,84,85,93,115,118,119,127,148,149,158,179,180,191,501,502,511,533,536,537,545,567,575,596,597,606,81,84,85,93,115,118,119,127,148,149,158,179,180,191,501,502,511,533,536,537,545,567,575,596,597,606,81,84,85,93,115,118,119,127,148,149,158,179,180,191,501,502,511,533,536,537,545,567,575,596,597,606,179,180,191,501,502,511,179,180,191,501,502,511,179,180,191,501,502,511,179,180,191,501,502,511,179,180,191,501,502,511,179,180,191,501,502,511,179,180,191,501,502,511,179,180,191,501,502,511,179,180,191,501,502,511,179,180,191,501,502,511,179,180,191,501,502,511,179,180,191,501,502,511,179,180,191,501,502,511,179,180,191,501,502,511,179,180,191,501,502,511,179,180,191,501,502,511,179,180,191,501,502,511,179,180,191,501,502,511,179,180,191,501,502,511,179,180,191,501,502,511,179,180,191,501,502,511,179,180,191,501,502,511,179,180,191,501,502,511,179,180,191,501,502,511,179,180,191,501,502,511,213,216,217,225,213,216,217,225,213,216,217,225,213,216,217,225,213,216,217,225,213,216,217,225,213,216,217,225,213,216,217,225,213,216,217,225,213,216,217,225,213,216,217,225,213,216,217,225,213,216,217,225,213,216,217,225,213,216,217,225,213,216,217,225,213,216,217,225,148,149,158,179,180,191,213,216,217,225,501,502,511,533,536,537,545,148,149,158,179,180,191,213,216,217,225,501,502,511,533,536,537,545,148,149,158,179,180,191,213,216,217,225,501,502,511,533,536,537,545,148,149,158,179,180,191,213,216,217,225,501,502,511,533,536,537,545,148,149,158,179,180,191,213,216,217,225,501,502,511,533,536,537,545,148,149,158,179,180,191,213,216,217,225,501,502,511,533,536,537,545,148,149,158,179,180,191,213,216,217,225,501,502,511,533,536,537,545,148,149,158,179,180,191,213,216,217,225,501,502,511,533,536,537,545,148,149,158,179,180,191,213,216,217,225,501,502,511,533,536,537,545,213,216,217,225,213,216,217,225,213,216,217,225,213,216,217,225,213,216,217,225,213,216,217,225,213,216,217,225,213,216,217,225,213,216,217,225,213,216,217,225,213,216,217,225,213,216,217,225,213,216,217,225,213,216,217,225,213,216,217,225,213,216,217,225,213,216,217,225,247,255,277,280,281,289,437,438,447,468,469,480,247,255,277,280,281,289,437,438,447,468,469,480,247,255,277,280,281,289,437,438,447,468,469,480,247,255,277,280,281,289,437,438,447,468,469,480,247,255,277,280,281,289,437,438,447,468,469,480,247,255,277,280,281,289,437,438,447,468,469,480,247,255,277,280,281,289,437,438,447,468,469,480,247,255,277,280,281,289,437,438,447,468,469,480,247,255,277,280,281,289,437,438,447,468,469,480,247,255,277,280,281,289,437,438,447,468,469,480,247,255,277,280,281,289,437,438,447,468,469,480,247,255,277,280,281,289,437,438,447,468,469,480,247,255,277,280,281,289,437,438,447,468,469,480,247,255,277,280,281,289,437,438,447,468,469,480,247,255,277,280,281,289,437,438,447,468,469,480,247,255,277,280,281,289,437,438,447,468,469,480,247,255,277,280,281,289,437,438,447,468,469,480,247,255,277,280,281,289,437,438,447,468,469,480,179,180,191,213,216,217,225,247,255,277,280,281,289,437,438,447,468,469,480,501,502,511,533,536,537,545,179,180,191,213,216,217,225,247,255,277,280,281,289,437,438,447,468,469,480,501,502,511,533,536,537,545,179,180,191,213,216,217,225,247,255,277,280,281,289,437,438,447,468,469,480,501,502,511,533,536,537,545,179,180,191,213,216,217,225,247,255,277,280,281,289,437,438,447,468,469,480,501,502,511,533,536,537,545,179,180,191,213,216,217,225,247,255,277,280,281,289,437,438,447,468,469,480,501,502,511,533,536,537,545,179,180,191,213,216,217,225,247,255,277,280,281,289,437,438,447,468,469,480,501,502,511,533,536,537,545,179,180,191,213,216,217,225,247,255,277,280,281,289,437,438,447,468,469,480,501,502,511,533,536,537,545,179,180,191,213,216,217,225,247,255,277,280,281,289,437,438,447,468,469,480,501,502,511,533,536,537,545,179,180,191,213,216,217,225,247,255,277,280,281,289,437,438,447,468,469,480,501,502,511,533,536,537,545,179,180,191,213,216,217,225,247,255,277,280,281,289,437,438,447,468,469,480,501,502,511,533,536,537,545,179,180,191,213,216,217,225,247,255,277,280,281,289,437,438,447,468,469,480,501,502,511,533,536,537,545,179,180,191,213,216,217,225,247,255,277,280,281,289,437,438,447,468,469,480,501,502,511,533,536,537,545,179,180,191,213,216,217,225,247,255,277,280,281,289,437,438,447,468,469,480,501,502,511,533,536,537,545,179,180,191,213,216,217,225,247,255,277,280,281,289,437,438,447,468,469,480,501,502,511,533,536,537,545,179,180,191,213,216,217,225,247,255,277,280,281,289,437,438,447,468,469,480,501,502,511,533,536,537,545,179,180,191,213,216,217,225,247,255,277,280,281,289,437,438,447,468,469,480,501,502,511,533,536,537,545,179,180,191,213,216,217,225,247,255,277,280,281,289,437,438,447,468,469,480,501,502,511,533,536,537,545,179,180,191,213,216,217,225,247,255,277,280,281,289,437,438,447,468,469,480,501,502,511,533,536,537,545,179,180,191,213,216,217,225,247,255,277,280,281,289,437,438,447,468,469,480,501,502,511,533,536,537,545,179,180,191,213,216,217,225,247,255,277,280,281,289,437,438,447,468,469,480,501,502,511,533,536,537,545,179,180,191,213,216,217,225,247,255,277,280,281,289,437,438,447,468,469,480,501,502,511,533,536,537,545,179,180,191,213,216,217,225,247,255,277,280,281,289,437,438,447,468,469,480,501,502,511,533,536,537,545,179,180,191,213,216,217,225,247,255,277,280,281,289,437,438,447,468,469,480,501,502,511,533,536,537,545,179,180,191,213,216,217,225,247,255,277,280,281,289,437,438,447,468,469,480,501,502,511,533,536,537,545,179,180,191,213,216,217,225,247,255,277,280,281,289,437,438,447,468,469,480,501,502,511,533,536,537,545,179,180,191,213,216,217,225,247,255,277,280,281,289,437,438,447,468,469,480,501,502,511,533,536,537,545,179,180,191,213,216,217,225,247,255,277,280,281,289,437,438,447,468,469,480,501,502,511,533,536,537,545,179,180,191,213,216,217,225,247,255,277,280,281,289,437,438,447,468,469,480,501,502,511,533,536,537,545,179,180,191,213,216,217,225,247,255,277,280,281,289,437,438,447,468,469,480,501,502,511,533,536,537,545,179,180,191,213,216,217,225,247,255,277,280,281,289,437,438,447,468,469,480,501,502,511,533,536,537,545,179,180,191,213,216,217,225,247,255,277,280,281,289,437,438,447,468,469,480,501,502,511,533,536,537,545,179,180,191,213,216,217,225,247,255,277,280,281,289,437,438,447,468,469,480,501,502,511,533,536,537,545,179,180,191,213,216,217,225,247,255,277,280,281,289,437,438,447,468,469,480,501,502,511,533,536,537,545,179,180,191,213,216,217,225,247,255,277,280,281,289,437,438,447,468,469,480,501,502,511,533,536,537,545,247,255,277,280,281,289,437,438,447,468,469,480,247,255,277,280,281,289,437,438,447,468,469,480,247,255,277,280,281,289,437,438,447,468,469,480,247,255,277,280,281,289,437,438,447,468,469,480,247,255,277,280,281,289,437,438,447,468,469,480,247,255,277,280,281,289,437,438,447,468,469,480,247,255,277,280,281,289,437,438,447,468,469,480,247,255,277,280,281,289,437,438,447,468,469,480,247,255,277,280,281,289,437,438,447,468,469,480,247,255,277,280,281,289,437,438,447,468,469,480,247,255,277,280,281,289,437,438,447,468,469,480,247,255,277,280,281,289,437,438,447,468,469,480,247,255,277,280,281,289,437,438,447,468,469,480,247,255,277,280,281,289,437,438,447,468,469,480,247,255,277,280,281,289,437,438,447,468,469,480,247,255,277,280,281,289,437,438,447,468,469,480,247,255,277,280,281,289,437,438,447,468,469,480,311,319,404,405,416,311,319,404,405,416,311,319,404,405,416,311,319,404,405,416,311,319,404,405,416,311,319,404,405,416,311,319,404,405,416,311,319,404,405,416,311,319,404,405,416,311,319,404,405,416,311,319,404,405,416,311,319,404,405,416,311,319,404,405,416,311,319,404,405,416,311,319,404,405,416,311,319,404,405,416,311,319,404,405,416,247,255,277,280,281,289,311,319,404,405,416,437,438,447,468,469,480,247,255,277,280,281,289,311,319,404,405,416,437,438,447,468,469,480,247,255,277,280,281,289,311,319,404,405,416,437,438,447,468,469,480,247,255,277,280,281,289,311,319,404,405,416,437,438,447,468,469,480,247,255,277,280,281,289,311,319,404,405,416,437,438,447,468,469,480,247,255,277,280,281,289,311,319,404,405,416,437,438,447,468,469,480,247,255,277,280,281,289,311,319,404,405,416,437,438,447,468,469,480,247,255,277,280,281,289,311,319,404,405,416,437,438,447,468,469,480,247,255,277,280,281,289,311,319,404,405,416,437,438,447,468,469,480,247,255,277,280,281,289,311,319,404,405,416,437,438,447,468,469,480,247,255,277,280,281,289,311,319,404,405,416,437,438,447,468,469,480,247,255,277,280,281,289,311,319,404,405,416,437,438,447,468,469,480,247,255,277,280,281,289,311,319,404,405,416,437,438,447,468,469,480,247,255,277,280,281,289,311,319,404,405,416,437,438,447,468,469,480,247,255,277,280,281,289,311,319,404,405,416,437,438,447,468,469,480,247,255,277,280,281,289,311,319,404,405,416,437,438,447,468,469,480,247,255,277,280,281,289,311,319,404,405,416,437,438,447,468,469,480,311,319,404,405,416,311,319,404,405,416,311,319,404,405,416,311,319,404,405,416,311,319,404,405,416,311,319,404,405,416,311,319,404,405,416,311,319,404,405,416,311,319,404,405,416,311,319,404,405,416,311,319,404,405,416,311,319,404,405,416,311,319,404,405,416,311,319,404,405,416,311,319,404,405,416,311,319,404,405,416,311,319,404,405,416,341,344,345,353,373,374,383,341,344,345,353,373,374,383,341,344,345,353,373,374,383,341,344,345,353,373,374,383,341,344,345,353,373,374,383,341,344,345,353,373,374,383,341,344,345,353,373,374,383,341,344,345,353,373,374,383,341,344,345,353,373,374,383,341,344,345,353,373,374,383,341,344,345,353,373,374,383,341,344,345,353,373,374,383,341,344,345,353,373,374,383,341,344,345,353,373,374,383,341,344,345,353,373,374,383,341,344,345,353,373,374,383,341,344,345,353,373,374,383,277,280,281,289,311,319,341,344,345,353,373,374,383,404,405,416,437,438,447,277,280,281,289,311,319,341,344,345,353,373,374,383,404,405,416,437,438,447,277,280,281,289,311,319,341,344,345,353,373,374,383,404,405,416,437,438,447,277,280,281,289,311,319,341,344,345,353,373,374,383,404,405,416,437,438,447,277,280,281,289,311,319,341,344,345,353,373,374,383,404,405,416,437,438,447,277,280,281,289,311,319,341,344,345,353,373,374,383,404,405,416,437,438,447,277,280,281,289,311,319,341,344,345,353,373,374,383,404,405,416,437,438,447,277,280,281,289,311,319,341,344,345,353,373,374,383,404,405,416,437,438,447,277,280,281,289,311,319,341,344,345,353,373,374,383,404,405,416,437,438,447,277,280,281,289,311,319,341,344,345,353,373,374,383,404,405,416,437,438,447,277,280,281,289,311,319,341,344,345,353,373,374,383,404,405,416,437,438,447,277,280,281,289,311,319,341,344,345,353,373,374,383,404,405,416,437,438,447,277,280,281,289,311,319,341,344,345,353,373,374,383,404,405,416,437,438,447,277,280,281,289,311,319,341,344,345,353,373,374,383,404,405,416,437,438,447,277,280,281,289,311,319,341,344,345,353,373,374,383,404,405,416,437,438,447,341,344,345,353,373,374,383,341,344,345,353,373,374,383,341,344,345,353,373,374,383,341,344,345,353,373,374,383,341,344,345,353,373,374,383,341,344,345,353,373,374,383,341,344,345,353,373,374,383,341,344,345,353,373,374,383,341,344,345,353,373,374,383,341,344,345,353,373,374,383,341,344,345,353,373,374,383,341,344,345,353,373,374,383,341,344,345,353,373,374,383,341,344,345,353,373,374,383,341,344,345,353,373,374,383,341,344,345,353,373,374,383,341,344,345,353,373,374,383 GROUPB=2,2,2,2,2,2,2,2,2,2,2,2,2,2,2,2,2,2,2,2,2,8,8,8,8,8,8,8,8,8,8,8,8,8,8,8,8,8,8,8,8,8,20,20,20,20,20,20,20,20,20,20,20,20,20,20,20,20,20,20,20,20,20,22,22,22,22,22,22,22,22,22,22,22,22,22,22,22,22,22,22,22,22,22,27,27,27,27,27,27,27,27,27,27,27,27,27,27,27,27,27,27,27,27,27,29,29,29,29,29,29,29,29,29,29,29,29,29,29,29,29,29,29,29,29,29,31,31,31,31,31,31,31,31,31,31,31,31,31,31,31,31,31,31,31,31,31,32,32,32,32,32,32,32,32,32,32,32,32,32,32,32,32,32,32,32,32,32,33,33,33,33,33,33,33,33,33,33,33,33,33,33,33,33,33,33,33,33,33,39,39,39,39,39,39,39,39,39,39,39,39,39,39,39,39,39,39,39,39,39,51,51,51,51,51,51,51,51,51,51,51,51,51,51,51,51,51,51,51,51,51,53,53,53,53,53,53,53,53,53,53,53,53,53,53,53,53,53,53,53,53,53,58,58,58,58,58,58,58,58,58,58,58,58,58,58,58,58,58,58,58,58,58,60,60,60,60,60,60,60,60,60,60,60,60,60,60,60,60,60,60,60,60,60,62,62,62,62,62,62,62,62,62,62,62,62,62,62,62,62,62,62,62,62,62,63,63,63,63,63,63,63,63,63,63,63,63,63,63,63,63,63,63,63,63,63,64,64,64,64,64,64,64,64,64,64,64,64,64,64,64,64,64,64,64,64,64,70,70,70,70,70,70,70,70,70,70,70,70,70,70,70,70,70,70,70,70,70,76,76,76,76,76,76,76,76,76,76,76,76,76,76,76,76,76,76,76,76,76,79,79,79,79,79,79,79,79,79,79,79,79,79,79,79,79,79,79,79,79,79,86,86,86,86,86,86,86,86,86,86,86,86,86,86,86,86,86,86,86,86,86,92,92,92,92,92,92,92,92,92,92,92,92,92,92,92,92,92,92,92,92,92,94,94,94,94,94,94,94,94,94,94,94,94,94,94,94,94,94,94,94,94,94,578,578,578,578,578,578,578,578,578,578,578,578,578,578,578,578,578,578,578,578,578,579,579,579,579,579,579,579,579,579,579,579,579,579,579,579,579,579,579,579,579,579,580,580,580,580,580,580,580,580,580,580,580,580,580,580,580,580,580,580,580,580,580,586,586,586,586,586,586,586,586,586,586,586,586,586,586,586,586,586,586,586,586,586,598,598,598,598,598,598,598,598,598,598,598,598,598,598,598,598,598,598,598,598,598,600,600,600,600,600,600,600,600,600,600,600,600,600,600,600,600,600,600,600,600,600,605,605,605,605,605,605,605,605,605,605,605,605,605,605,605,605,605,605,605,605,605,607,607,607,607,607,607,607,607,607,607,607,607,607,607,607,607,607,607,607,607,607,609,609,609,609,609,609,609,609,609,609,609,609,609,609,609,609,609,609,609,609,609,610,610,610,610,610,610,610,610,610,610,610,610,610,610,610,610,610,610,610,610,610,611,611,611,611,611,611,611,611,611,611,611,611,611,611,611,611,611,611,611,611,611,617,617,617,617,617,617,617,617,617,617,617,617,617,617,617,617,617,617,617,617,617,623,623,623,623,623,623,623,623,623,623,623,623,623,623,623,623,623,623,623,623,623,626,626,626,626,626,626,626,626,626,626,626,626,626,626,626,626,626,626,626,626,626,633,633,633,633,633,633,633,633,633,633,633,633,633,633,633,633,633,633,633,633,633,639,639,639,639,639,639,639,639,639,639,639,639,639,639,639,639,639,639,639,639,639,641,641,641,641,641,641,641,641,641,641,641,641,641,641,641,641,641,641,641,641,641,643,643,643,643,643,643,643,643,643,643,643,643,643,643,643,643,643,643,643,643,643,644,644,644,644,644,644,644,644,644,644,644,644,644,644,644,644,644,644,644,644,644,645,645,645,645,645,645,645,645,645,645,645,645,645,645,645,645,645,645,645,645,645,651,651,651,651,651,651,651,651,651,651,651,651,651,651,651,651,651,651,651,651,651,657,657,657,657,657,657,657,657,657,657,657,657,657,657,657,657,657,657,657,657,657,660,660,660,660,660,660,660,660,660,660,660,660,660,660,660,660,660,660,660,660,660,667,667,667,667,667,667,667,667,667,667,667,667,667,667,667,667,667,667,667,667,667,673,673,673,673,673,673,673,673,673,673,673,673,673,673,673,673,673,673,673,673,673,675,675,675,675,675,675,675,675,675,675,675,675,675,675,675,675,675,675,675,675,675,31,31,31,31,31,31,32,32,32,32,32,32,33,33,33,33,33,33,39,39,39,39,39,39,51,51,51,51,51,51,53,53,53,53,53,53,58,58,58,58,58,58,60,60,60,60,60,60,62,62,62,62,62,62,63,63,63,63,63,63,64,64,64,64,64,64,70,70,70,70,70,70,76,76,76,76,76,76,79,79,79,79,79,79,86,86,86,86,86,86,92,92,92,92,92,92,94,94,94,94,94,94,96,96,96,96,96,96,96,96,96,96,96,96,96,96,96,96,96,96,96,96,97,97,97,97,97,97,97,97,97,97,97,97,97,97,97,97,97,97,97,97,98,98,98,98,98,98,98,98,98,98,98,98,98,98,98,98,98,98,98,98,104,104,104,104,104,104,104,104,104,104,104,104,104,104,104,104,104,104,104,104,110,110,110,110,110,110,110,110,110,110,110,110,110,110,110,110,110,110,110,110,113,113,113,113,113,113,113,113,113,113,113,113,113,113,113,113,113,113,113,113,120,120,120,120,120,120,120,120,120,120,120,120,120,120,120,120,120,120,120,120,126,126,126,126,126,126,126,126,126,126,126,126,126,126,126,126,126,126,126,126,128,128,128,128,128,128,128,128,128,128,128,128,128,128,128,128,128,128,128,128,548,548,548,548,548,548,548,548,548,548,548,548,548,548,548,548,548,548,548,548,549,549,549,549,549,549,549,549,549,549,549,549,549,549,549,549,549,549,549,549,550,550,550,550,550,550,550,550,550,550,550,550,550,550,550,550,550,550,550,550,556,556,556,556,556,556,556,556,556,556,556,556,556,556,556,556,556,556,556,556,565,565,565,565,565,565,565,565,565,565,565,565,565,565,565,565,565,565,565,565,569,569,569,569,569,569,569,569,569,569,569,569,569,569,569,569,569,569,569,569,574,574,574,574,574,574,574,574,574,574,574,574,574,574,574,574,574,574,574,574,576,576,576,576,576,576,576,576,576,576,576,576,576,576,576,576,576,576,576,576,578,578,578,578,578,578,579,579,579,579,579,579,580,580,580,580,580,580,586,586,586,586,586,586,598,598,598,598,598,598,600,600,600,600,600,600,605,605,605,605,605,605,607,607,607,607,607,607,609,609,609,609,609,609,610,610,610,610,610,610,611,611,611,611,611,611,617,617,617,617,617,617,623,623,623,623,623,623,626,626,626,626,626,626,633,633,633,633,633,633,639,639,639,639,639,639,641,641,641,641,641,641,62,62,62,62,62,62,62,63,63,63,63,63,63,63,64,64,64,64,64,64,64,70,70,70,70,70,70,70,76,76,76,76,76,76,76,79,79,79,79,79,79,79,86,86,86,86,86,86,86,92,92,92,92,92,92,92,94,94,94,94,94,94,94,96,96,96,96,96,96,96,97,97,97,97,97,97,97,98,98,98,98,98,98,98,104,104,104,104,104,104,104,110,110,110,110,110,110,110,113,113,113,113,113,113,113,120,120,120,120,120,120,120,126,126,126,126,126,126,126,128,128,128,128,128,128,128,130,130,130,130,130,130,130,130,130,130,130,130,130,130,130,130,130,130,130,130,131,131,131,131,131,131,131,131,131,131,131,131,131,131,131,131,131,131,131,131,132,132,132,132,132,132,132,132,132,132,132,132,132,132,132,132,132,132,132,132,138,138,138,138,138,138,138,138,138,138,138,138,138,138,138,138,138,138,138,138,150,150,150,150,150,150,150,150,150,150,150,150,150,150,150,150,150,150,150,150,152,152,152,152,152,152,152,152,152,152,152,152,152,152,152,152,152,152,152,152,157,157,157,157,157,157,157,157,157,157,157,157,157,157,157,157,157,157,157,157,159,159,159,159,159,159,159,159,159,159,159,159,159,159,159,159,159,159,159,159,514,514,514,514,514,514,514,514,514,514,514,514,514,514,514,514,514,514,514,514,515,515,515,515,515,515,515,515,515,515,515,515,515,515,515,515,515,515,515,515,516,516,516,516,516,516,516,516,516,516,516,516,516,516,516,516,516,516,516,516,522,522,522,522,522,522,522,522,522,522,522,522,522,522,522,522,522,522,522,522,528,528,528,528,528,528,528,528,528,528,528,528,528,528,528,528,528,528,528,528,531,531,531,531,531,531,531,531,531,531,531,531,531,531,531,531,531,531,531,531,538,538,538,538,538,538,538,538,538,538,538,538,538,538,538,538,538,538,538,538,544,544,544,544,544,544,544,544,544,544,544,544,544,544,544,544,544,544,544,544,546,546,546,546,546,546,546,546,546,546,546,546,546,546,546,546,546,546,546,546,548,548,548,548,548,548,548,549,549,549,549,549,549,549,550,550,550,550,550,550,550,556,556,556,556,556,556,556,565,565,565,565,565,565,565,569,569,569,569,569,569,569,574,574,574,574,574,574,574,576,576,576,576,576,576,576,578,578,578,578,578,578,578,579,579,579,579,579,579,579,580,580,580,580,580,580,580,586,586,586,586,586,586,586,598,598,598,598,598,598,598,600,600,600,600,600,600,600,605,605,605,605,605,605,605,607,607,607,607,607,607,607,62,62,62,62,62,62,63,63,63,63,63,63,64,64,64,64,64,64,70,70,70,70,70,70,76,76,76,76,76,76,79,79,79,79,79,79,86,86,86,86,86,86,92,92,92,92,92,92,94,94,94,94,94,94,96,96,96,96,96,96,97,97,97,97,97,97,98,98,98,98,98,98,104,104,104,104,104,104,110,110,110,110,110,110,113,113,113,113,113,113,120,120,120,120,120,120,126,126,126,126,126,126,128,128,128,128,128,128,130,130,130,130,130,130,131,131,131,131,131,131,132,132,132,132,132,132,138,138,138,138,138,138,150,150,150,150,150,150,152,152,152,152,152,152,157,157,157,157,157,157,159,159,159,159,159,159,161,161,161,161,161,161,161,161,161,161,161,161,161,161,161,161,161,161,161,161,161,161,161,161,161,161,162,162,162,162,162,162,162,162,162,162,162,162,162,162,162,162,162,162,162,162,162,162,162,162,162,162,163,163,163,163,163,163,163,163,163,163,163,163,163,163,163,163,163,163,163,163,163,163,163,163,163,163,169,169,169,169,169,169,169,169,169,169,169,169,169,169,169,169,169,169,169,169,169,169,169,169,169,169,175,175,175,175,175,175,175,175,175,175,175,175,175,175,175,175,175,175,175,175,175,175,175,175,175,175,181,181,181,181,181,181,181,181,181,181,181,181,181,181,181,181,181,181,181,181,181,181,181,181,181,181,184,184,184,184,184,184,184,184,184,184,184,184,184,184,184,184,184,184,184,184,184,184,184,184,184,184,190,190,190,190,190,190,190,190,190,190,190,190,190,190,190,190,190,190,190,190,190,190,190,190,190,190,192,192,192,192,192,192,192,192,192,192,192,192,192,192,192,192,192,192,192,192,192,192,192,192,192,192,483,483,483,483,483,483,483,483,483,483,483,483,483,483,483,483,483,483,483,483,483,483,483,483,483,483,484,484,484,484,484,484,484,484,484,484,484,484,484,484,484,484,484,484,484,484,484,484,484,484,484,484,485,485,485,485,485,485,485,485,485,485,485,485,485,485,485,485,485,485,485,485,485,485,485,485,485,485,491,491,491,491,491,491,491,491,491,491,491,491,491,491,491,491,491,491,491,491,491,491,491,491,491,491,503,503,503,503,503,503,503,503,503,503,503,503,503,503,503,503,503,503,503,503,503,503,503,503,503,503,505,505,505,505,505,505,505,505,505,505,505,505,505,505,505,505,505,505,505,505,505,505,505,505,505,505,510,510,510,510,510,510,510,510,510,510,510,510,510,510,510,510,510,510,510,510,510,510,510,510,510,510,512,512,512,512,512,512,512,512,512,512,512,512,512,512,512,512,512,512,512,512,512,512,512,512,512,512,514,514,514,514,514,514,515,515,515,515,515,515,516,516,516,516,516,516,522,522,522,522,522,522,528,528,528,528,528,528,531,531,531,531,531,531,538,538,538,538,538,538,544,544,544,544,544,544,546,546,546,546,546,546,548,548,548,548,548,548,549,549,549,549,549,549,550,550,550,550,550,550,556,556,556,556,556,556,565,565,565,565,565,565,569,569,569,569,569,569,574,574,574,574,574,574,576,576,576,576,576,576,578,578,578,578,578,578,579,579,579,579,579,579,580,580,580,580,580,580,586,586,586,586,586,586,598,598,598,598,598,598,600,600,600,600,600,600,605,605,605,605,605,605,607,607,607,607,607,607,130,130,130,130,131,131,131,131,132,132,132,132,138,138,138,138,150,150,150,150,152,152,152,152,157,157,157,157,159,159,159,159,161,161,161,161,162,162,162,162,163,163,163,163,169,169,169,169,175,175,175,175,181,181,181,181,184,184,184,184,190,190,190,190,192,192,192,192,194,194,194,194,194,194,194,194,194,194,194,194,194,194,194,194,194,195,195,195,195,195,195,195,195,195,195,195,195,195,195,195,195,195,196,196,196,196,196,196,196,196,196,196,196,196,196,196,196,196,196,202,202,202,202,202,202,202,202,202,202,202,202,202,202,202,202,202,208,208,208,208,208,208,208,208,208,208,208,208,208,208,208,208,208,211,211,211,211,211,211,211,211,211,211,211,211,211,211,211,211,211,218,218,218,218,218,218,218,218,218,218,218,218,218,218,218,218,218,224,224,224,224,224,224,224,224,224,224,224,224,224,224,224,224,224,226,226,226,226,226,226,226,226,226,226,226,226,226,226,226,226,226,483,483,483,483,484,484,484,484,485,485,485,485,491,491,491,491,503,503,503,503,505,505,505,505,510,510,510,510,512,512,512,512,514,514,514,514,515,515,515,515,516,516,516,516,522,522,522,522,528,528,528,528,531,531,531,531,538,538,538,538,544,544,544,544,546,546,546,546,161,161,161,161,161,161,161,161,161,161,161,161,162,162,162,162,162,162,162,162,162,162,162,162,163,163,163,163,163,163,163,163,163,163,163,163,169,169,169,169,169,169,169,169,169,169,169,169,175,175,175,175,175,175,175,175,175,175,175,175,181,181,181,181,181,181,181,181,181,181,181,181,184,184,184,184,184,184,184,184,184,184,184,184,190,190,190,190,190,190,190,190,190,190,190,190,192,192,192,192,192,192,192,192,192,192,192,192,194,194,194,194,194,194,194,194,194,194,194,194,195,195,195,195,195,195,195,195,195,195,195,195,196,196,196,196,196,196,196,196,196,196,196,196,202,202,202,202,202,202,202,202,202,202,202,202,208,208,208,208,208,208,208,208,208,208,208,208,211,211,211,211,211,211,211,211,211,211,211,211,218,218,218,218,218,218,218,218,218,218,218,218,224,224,224,224,224,224,224,224,224,224,224,224,226,226,226,226,226,226,226,226,226,226,226,226,228,228,228,228,228,228,228,228,228,228,228,228,228,228,228,228,228,228,228,228,228,228,228,228,228,228,229,229,229,229,229,229,229,229,229,229,229,229,229,229,229,229,229,229,229,229,229,229,229,229,229,229,230,230,230,230,230,230,230,230,230,230,230,230,230,230,230,230,230,230,230,230,230,230,230,230,230,230,236,236,236,236,236,236,236,236,236,236,236,236,236,236,236,236,236,236,236,236,236,236,236,236,236,236,245,245,245,245,245,245,245,245,245,245,245,245,245,245,245,245,245,245,245,245,245,245,245,245,245,245,249,249,249,249,249,249,249,249,249,249,249,249,249,249,249,249,249,249,249,249,249,249,249,249,249,249,254,254,254,254,254,254,254,254,254,254,254,254,254,254,254,254,254,254,254,254,254,254,254,254,254,254,256,256,256,256,256,256,256,256,256,256,256,256,256,256,256,256,256,256,256,256,256,256,256,256,256,256,258,258,258,258,258,258,258,258,258,258,258,258,258,258,258,258,258,258,258,258,258,258,258,258,258,258,259,259,259,259,259,259,259,259,259,259,259,259,259,259,259,259,259,259,259,259,259,259,259,259,259,259,260,260,260,260,260,260,260,260,260,260,260,260,260,260,260,260,260,260,260,260,260,260,260,260,260,260,266,266,266,266,266,266,266,266,266,266,266,266,266,266,266,266,266,266,266,266,266,266,266,266,266,266,272,272,272,272,272,272,272,272,272,272,272,272,272,272,272,272,272,272,272,272,272,272,272,272,272,272,275,275,275,275,275,275,275,275,275,275,275,275,275,275,275,275,275,275,275,275,275,275,275,275,275,275,282,282,282,282,282,282,282,282,282,282,282,282,282,282,282,282,282,282,282,282,282,282,282,282,282,282,288,288,288,288,288,288,288,288,288,288,288,288,288,288,288,288,288,288,288,288,288,288,288,288,288,288,290,290,290,290,290,290,290,290,290,290,290,290,290,290,290,290,290,290,290,290,290,290,290,290,290,290,419,419,419,419,419,419,419,419,419,419,419,419,419,419,419,419,419,419,419,419,419,419,419,419,419,419,420,420,420,420,420,420,420,420,420,420,420,420,420,420,420,420,420,420,420,420,420,420,420,420,420,420,421,421,421,421,421,421,421,421,421,421,421,421,421,421,421,421,421,421,421,421,421,421,421,421,421,421,427,427,427,427,427,427,427,427,427,427,427,427,427,427,427,427,427,427,427,427,427,427,427,427,427,427,439,439,439,439,439,439,439,439,439,439,439,439,439,439,439,439,439,439,439,439,439,439,439,439,439,439,441,441,441,441,441,441,441,441,441,441,441,441,441,441,441,441,441,441,441,441,441,441,441,441,441,441,446,446,446,446,446,446,446,446,446,446,446,446,446,446,446,446,446,446,446,446,446,446,446,446,446,446,448,448,448,448,448,448,448,448,448,448,448,448,448,448,448,448,448,448,448,448,448,448,448,448,448,448,450,450,450,450,450,450,450,450,450,450,450,450,450,450,450,450,450,450,450,450,450,450,450,450,450,450,451,451,451,451,451,451,451,451,451,451,451,451,451,451,451,451,451,451,451,451,451,451,451,451,451,451,452,452,452,452,452,452,452,452,452,452,452,452,452,452,452,452,452,452,452,452,452,452,452,452,452,452,458,458,458,458,458,458,458,458,458,458,458,458,458,458,458,458,458,458,458,458,458,458,458,458,458,458,464,464,464,464,464,464,464,464,464,464,464,464,464,464,464,464,464,464,464,464,464,464,464,464,464,464,470,470,470,470,470,470,470,470,470,470,470,470,470,470,470,470,470,470,470,470,470,470,470,470,470,470,473,473,473,473,473,473,473,473,473,473,473,473,473,473,473,473,473,473,473,473,473,473,473,473,473,473,479,479,479,479,479,479,479,479,479,479,479,479,479,479,479,479,479,479,479,479,479,479,479,479,479,479,481,481,481,481,481,481,481,481,481,481,481,481,481,481,481,481,481,481,481,481,481,481,481,481,481,481,483,483,483,483,483,483,483,483,483,483,483,483,484,484,484,484,484,484,484,484,484,484,484,484,485,485,485,485,485,485,485,485,485,485,485,485,491,491,491,491,491,491,491,491,491,491,491,491,503,503,503,503,503,503,503,503,503,503,503,503,505,505,505,505,505,505,505,505,505,505,505,505,510,510,510,510,510,510,510,510,510,510,510,510,512,512,512,512,512,512,512,512,512,512,512,512,514,514,514,514,514,514,514,514,514,514,514,514,515,515,515,515,515,515,515,515,515,515,515,515,516,516,516,516,516,516,516,516,516,516,516,516,522,522,522,522,522,522,522,522,522,522,522,522,528,528,528,528,528,528,528,528,528,528,528,528,531,531,531,531,531,531,531,531,531,531,531,531,538,538,538,538,538,538,538,538,538,538,538,538,544,544,544,544,544,544,544,544,544,544,544,544,546,546,546,546,546,546,546,546,546,546,546,546,228,228,228,228,228,229,229,229,229,229,230,230,230,230,230,236,236,236,236,236,245,245,245,245,245,249,249,249,249,249,254,254,254,254,254,256,256,256,256,256,258,258,258,258,258,259,259,259,259,259,260,260,260,260,260,266,266,266,266,266,272,272,272,272,272,275,275,275,275,275,282,282,282,282,282,288,288,288,288,288,290,290,290,290,290,292,292,292,292,292,292,292,292,292,292,292,292,292,292,292,292,292,293,293,293,293,293,293,293,293,293,293,293,293,293,293,293,293,293,294,294,294,294,294,294,294,294,294,294,294,294,294,294,294,294,294,300,300,300,300,300,300,300,300,300,300,300,300,300,300,300,300,300,309,309,309,309,309,309,309,309,309,309,309,309,309,309,309,309,309,313,313,313,313,313,313,313,313,313,313,313,313,313,313,313,313,313,318,318,318,318,318,318,318,318,318,318,318,318,318,318,318,318,318,320,320,320,320,320,320,320,320,320,320,320,320,320,320,320,320,320,386,386,386,386,386,386,386,386,386,386,386,386,386,386,386,386,386,387,387,387,387,387,387,387,387,387,387,387,387,387,387,387,387,387,388,388,388,388,388,388,388,388,388,388,388,388,388,388,388,388,388,394,394,394,394,394,394,394,394,394,394,394,394,394,394,394,394,394,400,400,400,400,400,400,400,400,400,400,400,400,400,400,400,400,400,406,406,406,406,406,406,406,406,406,406,406,406,406,406,406,406,406,409,409,409,409,409,409,409,409,409,409,409,409,409,409,409,409,409,415,415,415,415,415,415,415,415,415,415,415,415,415,415,415,415,415,417,417,417,417,417,417,417,417,417,417,417,417,417,417,417,417,417,419,419,419,419,419,420,420,420,420,420,421,421,421,421,421,427,427,427,427,427,439,439,439,439,439,441,441,441,441,441,446,446,446,446,446,448,448,448,448,448,450,450,450,450,450,451,451,451,451,451,452,452,452,452,452,458,458,458,458,458,464,464,464,464,464,470,470,470,470,470,473,473,473,473,473,479,479,479,479,479,481,481,481,481,481,258,258,258,258,258,258,258,259,259,259,259,259,259,259,260,260,260,260,260,260,260,266,266,266,266,266,266,266,272,272,272,272,272,272,272,275,275,275,275,275,275,275,282,282,282,282,282,282,282,288,288,288,288,288,288,288,290,290,290,290,290,290,290,292,292,292,292,292,292,292,293,293,293,293,293,293,293,294,294,294,294,294,294,294,300,300,300,300,300,300,300,309,309,309,309,309,309,309,313,313,313,313,313,313,313,318,318,318,318,318,318,318,320,320,320,320,320,320,320,322,322,322,322,322,322,322,322,322,322,322,322,322,322,322,322,322,322,322,323,323,323,323,323,323,323,323,323,323,323,323,323,323,323,323,323,323,323,324,324,324,324,324,324,324,324,324,324,324,324,324,324,324,324,324,324,324,330,330,330,330,330,330,330,330,330,330,330,330,330,330,330,330,330,330,330,336,336,336,336,336,336,336,336,336,336,336,336,336,336,336,336,336,336,336,339,339,339,339,339,339,339,339,339,339,339,339,339,339,339,339,339,339,339,346,346,346,346,346,346,346,346,346,346,346,346,346,346,346,346,346,346,346,352,352,352,352,352,352,352,352,352,352,352,352,352,352,352,352,352,352,352,354,354,354,354,354,354,354,354,354,354,354,354,354,354,354,354,354,354,354,357,357,357,357,357,357,357,357,357,357,357,357,357,357,357,357,357,357,357,363,363,363,363,363,363,363,363,363,363,363,363,363,363,363,363,363,363,363,375,375,375,375,375,375,375,375,375,375,375,375,375,375,375,375,375,375,375,377,377,377,377,377,377,377,377,377,377,377,377,377,377,377,377,377,377,377,382,382,382,382,382,382,382,382,382,382,382,382,382,382,382,382,382,382,382,384,384,384,384,384,384,384,384,384,384,384,384,384,384,384,384,384,384,384,386,386,386,386,386,386,386,387,387,387,387,387,387,387,388,388,388,388,388,388,388,394,394,394,394,394,394,394,400,400,400,400,400,400,400,406,406,406,406,406,406,406,409,409,409,409,409,409,409,415,415,415,415,415,415,415,417,417,417,417,417,417,417,419,419,419,419,419,419,419,420,420,420,420,420,420,420,421,421,421,421,421,421,421,427,427,427,427,427,427,427,439,439,439,439,439,439,439,441,441,441,441,441,441,441,446,446,446,446,446,446,446,448,448,448,448,448,448,448 D_0=0.2 D_MAX=0.3 C=1.0 TYPES=typesTable.dat PARAMS=scalingParameters.dat ENERGY_UNITS=kcal/mol

BIASVALUE ARG=gh
PRINT FILE=output ARG=gh

#PARAMS=scalingParameters.dat  # specify the correct parameter file
#D_0=0.2                   # distance at which the correction energy is maximal
#D_MAX=0.3                 # distance at which the correction energy becomes zero
#C=1.0                     # scale factor for the correction potential
#TYPES=typesTable.dat             # specify the hydrogen-bond types to correct



# output the correction energy
#PRINT ARG=@1.bias FILE=ghbfix_output STRIDE=100
