DEBUG DETAILED_TIMERS
MOLINFO STRUCTURE=step3_input.pdb  # specify the PDB file
WHOLEMOLECULES ENTITY0=1-447
#WHOLEMOLECULES ENTITY0=1-355 ENTITY1=356-676

# add a correction that weakens hydrogen bonds

####################################################################################################
## gHBfix RESTRAINT SECTION
#####################################################################################################

gh: GHBFIX PAIR GROUPA=19,22,23,31,53,56,57,65,86,87,96,371,374,375,383,404,405,414,435,436,445,19,22,23,31,53,56,57,65,86,87,96,371,374,375,383,404,405,414,435,436,445,19,22,23,31,53,56,57,65,86,87,96,371,374,375,383,404,405,414,435,436,445,19,22,23,31,53,56,57,65,86,87,96,371,374,375,383,404,405,414,435,436,445,19,22,23,31,53,56,57,65,86,87,96,371,374,375,383,404,405,414,435,436,445,19,22,23,31,53,56,57,65,86,87,96,371,374,375,383,404,405,414,435,436,445,19,22,23,31,53,56,57,65,86,87,96,371,374,375,383,404,405,414,435,436,445,19,22,23,31,53,56,57,65,86,87,96,371,374,375,383,404,405,414,435,436,445,19,22,23,31,53,56,57,65,86,87,96,371,374,375,383,404,405,414,435,436,445,19,22,23,31,53,56,57,65,86,87,96,371,374,375,383,404,405,414,435,436,445,19,22,23,31,53,56,57,65,86,87,96,371,374,375,383,404,405,414,435,436,445,19,22,23,31,53,56,57,65,86,87,96,371,374,375,383,404,405,414,435,436,445,19,22,23,31,53,56,57,65,86,87,96,371,374,375,383,404,405,414,435,436,445,19,22,23,31,53,56,57,65,86,87,96,371,374,375,383,404,405,414,435,436,445,19,22,23,31,53,56,57,65,86,87,96,371,374,375,383,404,405,414,435,436,445,19,22,23,31,53,56,57,65,86,87,96,371,374,375,383,404,405,414,435,436,445,19,22,23,31,53,56,57,65,86,87,96,371,374,375,383,404,405,414,435,436,445,19,22,23,31,53,56,57,65,86,87,96,371,374,375,383,404,405,414,435,436,445,19,22,23,31,53,56,57,65,86,87,96,371,374,375,383,404,405,414,435,436,445,19,22,23,31,53,56,57,65,86,87,96,371,374,375,383,404,405,414,435,436,445,19,22,23,31,53,56,57,65,86,87,96,371,374,375,383,404,405,414,435,436,445,19,22,23,31,53,56,57,65,86,87,96,371,374,375,383,404,405,414,435,436,445,19,22,23,31,53,56,57,65,86,87,96,371,374,375,383,404,405,414,435,436,445,19,22,23,31,53,56,57,65,86,87,96,371,374,375,383,404,405,414,435,436,445,19,22,23,31,53,56,57,65,86,87,96,371,374,375,383,404,405,414,435,436,445,19,22,23,31,53,56,57,65,86,87,96,371,374,375,383,404,405,414,435,436,445,19,22,23,31,53,56,57,65,86,87,96,371,374,375,383,404,405,414,435,436,445,19,22,23,31,53,56,57,65,86,87,96,371,374,375,383,404,405,414,435,436,445,19,22,23,31,53,56,57,65,86,87,96,371,374,375,383,404,405,414,435,436,445,19,22,23,31,53,56,57,65,86,87,96,371,374,375,383,404,405,414,435,436,445,19,22,23,31,53,56,57,65,86,87,96,371,374,375,383,404,405,414,435,436,445,19,22,23,31,53,56,57,65,86,87,96,371,374,375,383,404,405,414,435,436,445,19,22,23,31,53,56,57,65,86,87,96,371,374,375,383,404,405,414,435,436,445,19,22,23,31,53,56,57,65,86,87,96,371,374,375,383,404,405,414,435,436,445,19,22,23,31,53,56,57,65,86,87,96,371,374,375,383,404,405,414,435,436,445,19,22,23,31,53,56,57,65,86,87,96,371,374,375,383,404,405,414,435,436,445,19,22,23,31,53,56,57,65,86,87,96,371,374,375,383,404,405,414,435,436,445,19,22,23,31,53,56,57,65,86,87,96,371,374,375,383,404,405,414,435,436,445,19,22,23,31,53,56,57,65,86,87,96,371,374,375,383,404,405,414,435,436,445,19,22,23,31,53,56,57,65,86,87,96,371,374,375,383,404,405,414,435,436,445,19,22,23,31,53,56,57,65,86,87,96,371,374,375,383,404,405,414,435,436,445,19,22,23,31,53,56,57,65,86,87,96,371,374,375,383,404,405,414,435,436,445,19,22,23,31,53,56,57,65,86,87,96,371,374,375,383,404,405,414,435,436,445,19,22,23,31,53,56,57,65,86,87,96,371,374,375,383,404,405,414,435,436,445,19,22,23,31,53,56,57,65,86,87,96,371,374,375,383,404,405,414,435,436,445,19,22,23,31,53,56,57,65,86,87,96,371,374,375,383,404,405,414,435,436,445,19,22,23,31,53,56,57,65,86,87,96,371,374,375,383,404,405,414,435,436,445,19,22,23,31,53,56,57,65,86,87,96,371,374,375,383,404,405,414,435,436,445,19,22,23,31,53,56,57,65,86,87,96,371,374,375,383,404,405,414,435,436,445,117,118,129,341,349,117,118,129,341,349,117,118,129,341,349,117,118,129,341,349,117,118,129,341,349,117,118,129,341,349,117,118,129,341,349,117,118,129,341,349,117,118,129,341,349,117,118,129,341,349,117,118,129,341,349,117,118,129,341,349,117,118,129,341,349,117,118,129,341,349,117,118,129,341,349,117,118,129,341,349,117,118,129,341,349,53,56,57,65,86,87,96,117,118,129,341,349,371,374,375,383,404,405,414,53,56,57,65,86,87,96,117,118,129,341,349,371,374,375,383,404,405,414,53,56,57,65,86,87,96,117,118,129,341,349,371,374,375,383,404,405,414,53,56,57,65,86,87,96,117,118,129,341,349,371,374,375,383,404,405,414,53,56,57,65,86,87,96,117,118,129,341,349,371,374,375,383,404,405,414,53,56,57,65,86,87,96,117,118,129,341,349,371,374,375,383,404,405,414,53,56,57,65,86,87,96,117,118,129,341,349,371,374,375,383,404,405,414,53,56,57,65,86,87,96,117,118,129,341,349,371,374,375,383,404,405,414,53,56,57,65,86,87,96,117,118,129,341,349,371,374,375,383,404,405,414,53,56,57,65,86,87,96,117,118,129,341,349,371,374,375,383,404,405,414,53,56,57,65,86,87,96,117,118,129,341,349,371,374,375,383,404,405,414,53,56,57,65,86,87,96,117,118,129,341,349,371,374,375,383,404,405,414,53,56,57,65,86,87,96,117,118,129,341,349,371,374,375,383,404,405,414,53,56,57,65,86,87,96,117,118,129,341,349,371,374,375,383,404,405,414,53,56,57,65,86,87,96,117,118,129,341,349,371,374,375,383,404,405,414,53,56,57,65,86,87,96,117,118,129,341,349,371,374,375,383,404,405,414,53,56,57,65,86,87,96,117,118,129,341,349,371,374,375,383,404,405,414,117,118,129,341,349,117,118,129,341,349,117,118,129,341,349,117,118,129,341,349,117,118,129,341,349,117,118,129,341,349,117,118,129,341,349,117,118,129,341,349,117,118,129,341,349,117,118,129,341,349,117,118,129,341,349,117,118,129,341,349,117,118,129,341,349,117,118,129,341,349,117,118,129,341,349,117,118,129,341,349,117,118,129,341,349,150,151,160,307,310,311,319,150,151,160,307,310,311,319,150,151,160,307,310,311,319,150,151,160,307,310,311,319,150,151,160,307,310,311,319,150,151,160,307,310,311,319,150,151,160,307,310,311,319,150,151,160,307,310,311,319,150,151,160,307,310,311,319,150,151,160,307,310,311,319,150,151,160,307,310,311,319,150,151,160,307,310,311,319,150,151,160,307,310,311,319,150,151,160,307,310,311,319,150,151,160,307,310,311,319,150,151,160,307,310,311,319,150,151,160,307,310,311,319,86,87,96,117,118,129,150,151,160,307,310,311,319,341,349,371,374,375,383,86,87,96,117,118,129,150,151,160,307,310,311,319,341,349,371,374,375,383,86,87,96,117,118,129,150,151,160,307,310,311,319,341,349,371,374,375,383,86,87,96,117,118,129,150,151,160,307,310,311,319,341,349,371,374,375,383,86,87,96,117,118,129,150,151,160,307,310,311,319,341,349,371,374,375,383,86,87,96,117,118,129,150,151,160,307,310,311,319,341,349,371,374,375,383,86,87,96,117,118,129,150,151,160,307,310,311,319,341,349,371,374,375,383,86,87,96,117,118,129,150,151,160,307,310,311,319,341,349,371,374,375,383,86,87,96,117,118,129,150,151,160,307,310,311,319,341,349,371,374,375,383,86,87,96,117,118,129,150,151,160,307,310,311,319,341,349,371,374,375,383,86,87,96,117,118,129,150,151,160,307,310,311,319,341,349,371,374,375,383,86,87,96,117,118,129,150,151,160,307,310,311,319,341,349,371,374,375,383,86,87,96,117,118,129,150,151,160,307,310,311,319,341,349,371,374,375,383,86,87,96,117,118,129,150,151,160,307,310,311,319,341,349,371,374,375,383,86,87,96,117,118,129,150,151,160,307,310,311,319,341,349,371,374,375,383,86,87,96,117,118,129,150,151,160,307,310,311,319,341,349,371,374,375,383,86,87,96,117,118,129,150,151,160,307,310,311,319,341,349,371,374,375,383,150,151,160,307,310,311,319,150,151,160,307,310,311,319,150,151,160,307,310,311,319,150,151,160,307,310,311,319,150,151,160,307,310,311,319,150,151,160,307,310,311,319,150,151,160,307,310,311,319,150,151,160,307,310,311,319,150,151,160,307,310,311,319,150,151,160,307,310,311,319,150,151,160,307,310,311,319,150,151,160,307,310,311,319,150,151,160,307,310,311,319,150,151,160,307,310,311,319,150,151,160,307,310,311,319,150,151,160,307,310,311,319,150,151,160,307,310,311,319,182,190,273,276,277,285,182,190,273,276,277,285,182,190,273,276,277,285,182,190,273,276,277,285,182,190,273,276,277,285,182,190,273,276,277,285,182,190,273,276,277,285,182,190,273,276,277,285,182,190,273,276,277,285,182,190,273,276,277,285,182,190,273,276,277,285,182,190,273,276,277,285,182,190,273,276,277,285,182,190,273,276,277,285,182,190,273,276,277,285,182,190,273,276,277,285,182,190,273,276,277,285,117,118,129,150,151,160,182,190,273,276,277,285,307,310,311,319,341,349,117,118,129,150,151,160,182,190,273,276,277,285,307,310,311,319,341,349,117,118,129,150,151,160,182,190,273,276,277,285,307,310,311,319,341,349,117,118,129,150,151,160,182,190,273,276,277,285,307,310,311,319,341,349,117,118,129,150,151,160,182,190,273,276,277,285,307,310,311,319,341,349,117,118,129,150,151,160,182,190,273,276,277,285,307,310,311,319,341,349,117,118,129,150,151,160,182,190,273,276,277,285,307,310,311,319,341,349,117,118,129,150,151,160,182,190,273,276,277,285,307,310,311,319,341,349,117,118,129,150,151,160,182,190,273,276,277,285,307,310,311,319,341,349,117,118,129,150,151,160,182,190,273,276,277,285,307,310,311,319,341,349,117,118,129,150,151,160,182,190,273,276,277,285,307,310,311,319,341,349,117,118,129,150,151,160,182,190,273,276,277,285,307,310,311,319,341,349,117,118,129,150,151,160,182,190,273,276,277,285,307,310,311,319,341,349,117,118,129,150,151,160,182,190,273,276,277,285,307,310,311,319,341,349,117,118,129,150,151,160,182,190,273,276,277,285,307,310,311,319,341,349,117,118,129,150,151,160,182,190,273,276,277,285,307,310,311,319,341,349,117,118,129,150,151,160,182,190,273,276,277,285,307,310,311,319,341,349,182,190,273,276,277,285,182,190,273,276,277,285,182,190,273,276,277,285,182,190,273,276,277,285,182,190,273,276,277,285,182,190,273,276,277,285,182,190,273,276,277,285,182,190,273,276,277,285,182,190,273,276,277,285,182,190,273,276,277,285,182,190,273,276,277,285,182,190,273,276,277,285,182,190,273,276,277,285,182,190,273,276,277,285,182,190,273,276,277,285,182,190,273,276,277,285,182,190,273,276,277,285,212,220,241,242,251,212,220,241,242,251,212,220,241,242,251,212,220,241,242,251,212,220,241,242,251,212,220,241,242,251,212,220,241,242,251,212,220,241,242,251,212,220,241,242,251,212,220,241,242,251,212,220,241,242,251,212,220,241,242,251,212,220,241,242,251,212,220,241,242,251,212,220,241,242,251,212,220,241,242,251,150,151,160,182,190,212,220,241,242,251,273,276,277,285,307,310,311,319,150,151,160,182,190,212,220,241,242,251,273,276,277,285,307,310,311,319,150,151,160,182,190,212,220,241,242,251,273,276,277,285,307,310,311,319,150,151,160,182,190,212,220,241,242,251,273,276,277,285,307,310,311,319,150,151,160,182,190,212,220,241,242,251,273,276,277,285,307,310,311,319,150,151,160,182,190,212,220,241,242,251,273,276,277,285,307,310,311,319,150,151,160,182,190,212,220,241,242,251,273,276,277,285,307,310,311,319,150,151,160,182,190,212,220,241,242,251,273,276,277,285,307,310,311,319,150,151,160,182,190,212,220,241,242,251,273,276,277,285,307,310,311,319,150,151,160,182,190,212,220,241,242,251,273,276,277,285,307,310,311,319,150,151,160,182,190,212,220,241,242,251,273,276,277,285,307,310,311,319,150,151,160,182,190,212,220,241,242,251,273,276,277,285,307,310,311,319,150,151,160,182,190,212,220,241,242,251,273,276,277,285,307,310,311,319,150,151,160,182,190,212,220,241,242,251,273,276,277,285,307,310,311,319,150,151,160,182,190,212,220,241,242,251,273,276,277,285,307,310,311,319,150,151,160,182,190,212,220,241,242,251,273,276,277,285,307,310,311,319,212,220,241,242,251,212,220,241,242,251,212,220,241,242,251,212,220,241,242,251,212,220,241,242,251,212,220,241,242,251,212,220,241,242,251,212,220,241,242,251,212,220,241,242,251,212,220,241,242,251,212,220,241,242,251,212,220,241,242,251,212,220,241,242,251,212,220,241,242,251,212,220,241,242,251,212,220,241,242,251,212,220,241,242,251,212,220,241,242,251 GROUPB=2,2,2,2,2,2,2,2,2,2,2,2,2,2,2,2,2,2,2,2,2,8,8,8,8,8,8,8,8,8,8,8,8,8,8,8,8,8,8,8,8,8,14,14,14,14,14,14,14,14,14,14,14,14,14,14,14,14,14,14,14,14,14,17,17,17,17,17,17,17,17,17,17,17,17,17,17,17,17,17,17,17,17,17,24,24,24,24,24,24,24,24,24,24,24,24,24,24,24,24,24,24,24,24,24,30,30,30,30,30,30,30,30,30,30,30,30,30,30,30,30,30,30,30,30,30,32,32,32,32,32,32,32,32,32,32,32,32,32,32,32,32,32,32,32,32,32,34,34,34,34,34,34,34,34,34,34,34,34,34,34,34,34,34,34,34,34,34,35,35,35,35,35,35,35,35,35,35,35,35,35,35,35,35,35,35,35,35,35,36,36,36,36,36,36,36,36,36,36,36,36,36,36,36,36,36,36,36,36,36,42,42,42,42,42,42,42,42,42,42,42,42,42,42,42,42,42,42,42,42,42,48,48,48,48,48,48,48,48,48,48,48,48,48,48,48,48,48,48,48,48,48,51,51,51,51,51,51,51,51,51,51,51,51,51,51,51,51,51,51,51,51,51,58,58,58,58,58,58,58,58,58,58,58,58,58,58,58,58,58,58,58,58,58,64,64,64,64,64,64,64,64,64,64,64,64,64,64,64,64,64,64,64,64,64,66,66,66,66,66,66,66,66,66,66,66,66,66,66,66,66,66,66,66,66,66,68,68,68,68,68,68,68,68,68,68,68,68,68,68,68,68,68,68,68,68,68,69,69,69,69,69,69,69,69,69,69,69,69,69,69,69,69,69,69,69,69,69,70,70,70,70,70,70,70,70,70,70,70,70,70,70,70,70,70,70,70,70,70,76,76,76,76,76,76,76,76,76,76,76,76,76,76,76,76,76,76,76,76,76,88,88,88,88,88,88,88,88,88,88,88,88,88,88,88,88,88,88,88,88,88,90,90,90,90,90,90,90,90,90,90,90,90,90,90,90,90,90,90,90,90,90,95,95,95,95,95,95,95,95,95,95,95,95,95,95,95,95,95,95,95,95,95,97,97,97,97,97,97,97,97,97,97,97,97,97,97,97,97,97,97,97,97,97,352,352,352,352,352,352,352,352,352,352,352,352,352,352,352,352,352,352,352,352,352,353,353,353,353,353,353,353,353,353,353,353,353,353,353,353,353,353,353,353,353,353,354,354,354,354,354,354,354,354,354,354,354,354,354,354,354,354,354,354,354,354,354,360,360,360,360,360,360,360,360,360,360,360,360,360,360,360,360,360,360,360,360,360,366,366,366,366,366,366,366,366,366,366,366,366,366,366,366,366,366,366,366,366,366,369,369,369,369,369,369,369,369,369,369,369,369,369,369,369,369,369,369,369,369,369,376,376,376,376,376,376,376,376,376,376,376,376,376,376,376,376,376,376,376,376,376,382,382,382,382,382,382,382,382,382,382,382,382,382,382,382,382,382,382,382,382,382,384,384,384,384,384,384,384,384,384,384,384,384,384,384,384,384,384,384,384,384,384,386,386,386,386,386,386,386,386,386,386,386,386,386,386,386,386,386,386,386,386,386,387,387,387,387,387,387,387,387,387,387,387,387,387,387,387,387,387,387,387,387,387,388,388,388,388,388,388,388,388,388,388,388,388,388,388,388,388,388,388,388,388,388,394,394,394,394,394,394,394,394,394,394,394,394,394,394,394,394,394,394,394,394,394,406,406,406,406,406,406,406,406,406,406,406,406,406,406,406,406,406,406,406,406,406,408,408,408,408,408,408,408,408,408,408,408,408,408,408,408,408,408,408,408,408,408,413,413,413,413,413,413,413,413,413,413,413,413,413,413,413,413,413,413,413,413,413,415,415,415,415,415,415,415,415,415,415,415,415,415,415,415,415,415,415,415,415,415,417,417,417,417,417,417,417,417,417,417,417,417,417,417,417,417,417,417,417,417,417,418,418,418,418,418,418,418,418,418,418,418,418,418,418,418,418,418,418,418,418,418,419,419,419,419,419,419,419,419,419,419,419,419,419,419,419,419,419,419,419,419,419,425,425,425,425,425,425,425,425,425,425,425,425,425,425,425,425,425,425,425,425,425,437,437,437,437,437,437,437,437,437,437,437,437,437,437,437,437,437,437,437,437,437,439,439,439,439,439,439,439,439,439,439,439,439,439,439,439,439,439,439,439,439,439,444,444,444,444,444,444,444,444,444,444,444,444,444,444,444,444,444,444,444,444,444,446,446,446,446,446,446,446,446,446,446,446,446,446,446,446,446,446,446,446,446,446,34,34,34,34,34,35,35,35,35,35,36,36,36,36,36,42,42,42,42,42,48,48,48,48,48,51,51,51,51,51,58,58,58,58,58,64,64,64,64,64,66,66,66,66,66,68,68,68,68,68,69,69,69,69,69,70,70,70,70,70,76,76,76,76,76,88,88,88,88,88,90,90,90,90,90,95,95,95,95,95,97,97,97,97,97,99,99,99,99,99,99,99,99,99,99,99,99,99,99,99,99,99,99,99,100,100,100,100,100,100,100,100,100,100,100,100,100,100,100,100,100,100,100,101,101,101,101,101,101,101,101,101,101,101,101,101,101,101,101,101,101,101,107,107,107,107,107,107,107,107,107,107,107,107,107,107,107,107,107,107,107,113,113,113,113,113,113,113,113,113,113,113,113,113,113,113,113,113,113,113,119,119,119,119,119,119,119,119,119,119,119,119,119,119,119,119,119,119,119,122,122,122,122,122,122,122,122,122,122,122,122,122,122,122,122,122,122,122,128,128,128,128,128,128,128,128,128,128,128,128,128,128,128,128,128,128,128,130,130,130,130,130,130,130,130,130,130,130,130,130,130,130,130,130,130,130,322,322,322,322,322,322,322,322,322,322,322,322,322,322,322,322,322,322,322,323,323,323,323,323,323,323,323,323,323,323,323,323,323,323,323,323,323,323,324,324,324,324,324,324,324,324,324,324,324,324,324,324,324,324,324,324,324,330,330,330,330,330,330,330,330,330,330,330,330,330,330,330,330,330,330,330,339,339,339,339,339,339,339,339,339,339,339,339,339,339,339,339,339,339,339,343,343,343,343,343,343,343,343,343,343,343,343,343,343,343,343,343,343,343,348,348,348,348,348,348,348,348,348,348,348,348,348,348,348,348,348,348,348,350,350,350,350,350,350,350,350,350,350,350,350,350,350,350,350,350,350,350,352,352,352,352,352,353,353,353,353,353,354,354,354,354,354,360,360,360,360,360,366,366,366,366,366,369,369,369,369,369,376,376,376,376,376,382,382,382,382,382,384,384,384,384,384,386,386,386,386,386,387,387,387,387,387,388,388,388,388,388,394,394,394,394,394,406,406,406,406,406,408,408,408,408,408,413,413,413,413,413,415,415,415,415,415,68,68,68,68,68,68,68,69,69,69,69,69,69,69,70,70,70,70,70,70,70,76,76,76,76,76,76,76,88,88,88,88,88,88,88,90,90,90,90,90,90,90,95,95,95,95,95,95,95,97,97,97,97,97,97,97,99,99,99,99,99,99,99,100,100,100,100,100,100,100,101,101,101,101,101,101,101,107,107,107,107,107,107,107,113,113,113,113,113,113,113,119,119,119,119,119,119,119,122,122,122,122,122,122,122,128,128,128,128,128,128,128,130,130,130,130,130,130,130,132,132,132,132,132,132,132,132,132,132,132,132,132,132,132,132,132,132,132,133,133,133,133,133,133,133,133,133,133,133,133,133,133,133,133,133,133,133,134,134,134,134,134,134,134,134,134,134,134,134,134,134,134,134,134,134,134,140,140,140,140,140,140,140,140,140,140,140,140,140,140,140,140,140,140,140,152,152,152,152,152,152,152,152,152,152,152,152,152,152,152,152,152,152,152,154,154,154,154,154,154,154,154,154,154,154,154,154,154,154,154,154,154,154,159,159,159,159,159,159,159,159,159,159,159,159,159,159,159,159,159,159,159,161,161,161,161,161,161,161,161,161,161,161,161,161,161,161,161,161,161,161,288,288,288,288,288,288,288,288,288,288,288,288,288,288,288,288,288,288,288,289,289,289,289,289,289,289,289,289,289,289,289,289,289,289,289,289,289,289,290,290,290,290,290,290,290,290,290,290,290,290,290,290,290,290,290,290,290,296,296,296,296,296,296,296,296,296,296,296,296,296,296,296,296,296,296,296,302,302,302,302,302,302,302,302,302,302,302,302,302,302,302,302,302,302,302,305,305,305,305,305,305,305,305,305,305,305,305,305,305,305,305,305,305,305,312,312,312,312,312,312,312,312,312,312,312,312,312,312,312,312,312,312,312,318,318,318,318,318,318,318,318,318,318,318,318,318,318,318,318,318,318,318,320,320,320,320,320,320,320,320,320,320,320,320,320,320,320,320,320,320,320,322,322,322,322,322,322,322,323,323,323,323,323,323,323,324,324,324,324,324,324,324,330,330,330,330,330,330,330,339,339,339,339,339,339,339,343,343,343,343,343,343,343,348,348,348,348,348,348,348,350,350,350,350,350,350,350,352,352,352,352,352,352,352,353,353,353,353,353,353,353,354,354,354,354,354,354,354,360,360,360,360,360,360,360,366,366,366,366,366,366,366,369,369,369,369,369,369,369,376,376,376,376,376,376,376,382,382,382,382,382,382,382,384,384,384,384,384,384,384,99,99,99,99,99,99,100,100,100,100,100,100,101,101,101,101,101,101,107,107,107,107,107,107,113,113,113,113,113,113,119,119,119,119,119,119,122,122,122,122,122,122,128,128,128,128,128,128,130,130,130,130,130,130,132,132,132,132,132,132,133,133,133,133,133,133,134,134,134,134,134,134,140,140,140,140,140,140,152,152,152,152,152,152,154,154,154,154,154,154,159,159,159,159,159,159,161,161,161,161,161,161,163,163,163,163,163,163,163,163,163,163,163,163,163,163,163,163,163,163,164,164,164,164,164,164,164,164,164,164,164,164,164,164,164,164,164,164,165,165,165,165,165,165,165,165,165,165,165,165,165,165,165,165,165,165,171,171,171,171,171,171,171,171,171,171,171,171,171,171,171,171,171,171,180,180,180,180,180,180,180,180,180,180,180,180,180,180,180,180,180,180,184,184,184,184,184,184,184,184,184,184,184,184,184,184,184,184,184,184,189,189,189,189,189,189,189,189,189,189,189,189,189,189,189,189,189,189,191,191,191,191,191,191,191,191,191,191,191,191,191,191,191,191,191,191,254,254,254,254,254,254,254,254,254,254,254,254,254,254,254,254,254,254,255,255,255,255,255,255,255,255,255,255,255,255,255,255,255,255,255,255,256,256,256,256,256,256,256,256,256,256,256,256,256,256,256,256,256,256,262,262,262,262,262,262,262,262,262,262,262,262,262,262,262,262,262,262,268,268,268,268,268,268,268,268,268,268,268,268,268,268,268,268,268,268,271,271,271,271,271,271,271,271,271,271,271,271,271,271,271,271,271,271,278,278,278,278,278,278,278,278,278,278,278,278,278,278,278,278,278,278,284,284,284,284,284,284,284,284,284,284,284,284,284,284,284,284,284,284,286,286,286,286,286,286,286,286,286,286,286,286,286,286,286,286,286,286,288,288,288,288,288,288,289,289,289,289,289,289,290,290,290,290,290,290,296,296,296,296,296,296,302,302,302,302,302,302,305,305,305,305,305,305,312,312,312,312,312,312,318,318,318,318,318,318,320,320,320,320,320,320,322,322,322,322,322,322,323,323,323,323,323,323,324,324,324,324,324,324,330,330,330,330,330,330,339,339,339,339,339,339,343,343,343,343,343,343,348,348,348,348,348,348,350,350,350,350,350,350,132,132,132,132,132,133,133,133,133,133,134,134,134,134,134,140,140,140,140,140,152,152,152,152,152,154,154,154,154,154,159,159,159,159,159,161,161,161,161,161,163,163,163,163,163,164,164,164,164,164,165,165,165,165,165,171,171,171,171,171,180,180,180,180,180,184,184,184,184,184,189,189,189,189,189,191,191,191,191,191,193,193,193,193,193,193,193,193,193,193,193,193,193,193,193,193,193,193,194,194,194,194,194,194,194,194,194,194,194,194,194,194,194,194,194,194,195,195,195,195,195,195,195,195,195,195,195,195,195,195,195,195,195,195,201,201,201,201,201,201,201,201,201,201,201,201,201,201,201,201,201,201,210,210,210,210,210,210,210,210,210,210,210,210,210,210,210,210,210,210,214,214,214,214,214,214,214,214,214,214,214,214,214,214,214,214,214,214,219,219,219,219,219,219,219,219,219,219,219,219,219,219,219,219,219,219,221,221,221,221,221,221,221,221,221,221,221,221,221,221,221,221,221,221,223,223,223,223,223,223,223,223,223,223,223,223,223,223,223,223,223,223,224,224,224,224,224,224,224,224,224,224,224,224,224,224,224,224,224,224,225,225,225,225,225,225,225,225,225,225,225,225,225,225,225,225,225,225,231,231,231,231,231,231,231,231,231,231,231,231,231,231,231,231,231,231,243,243,243,243,243,243,243,243,243,243,243,243,243,243,243,243,243,243,245,245,245,245,245,245,245,245,245,245,245,245,245,245,245,245,245,245,250,250,250,250,250,250,250,250,250,250,250,250,250,250,250,250,250,250,252,252,252,252,252,252,252,252,252,252,252,252,252,252,252,252,252,252,254,254,254,254,254,255,255,255,255,255,256,256,256,256,256,262,262,262,262,262,268,268,268,268,268,271,271,271,271,271,278,278,278,278,278,284,284,284,284,284,286,286,286,286,286,288,288,288,288,288,289,289,289,289,289,290,290,290,290,290,296,296,296,296,296,302,302,302,302,302,305,305,305,305,305,312,312,312,312,312,318,318,318,318,318,320,320,320,320,320 D_0=0.2 D_MAX=0.3 C=1.0 TYPES=typesTable.dat PARAMS=scalingParameters.dat ENERGY_UNITS=kcal/mol

BIASVALUE ARG=gh
PRINT FILE=output ARG=gh

#PARAMS=scalingParameters.dat  # specify the correct parameter file
#D_0=0.25                  # distance at which the correction energy is maximal
#D_MAX=0.35                # distance at which the correction energy becomes zero
#C=1.0                     # scale factor for the correction potential
#TYPES=typesTable.dat             # specify the hydrogen-bond types to correct



# output the correction energy
#PRINT ARG=@1.bias FILE=ghbfix_output STRIDE=100
