#! FIELDS itype
0
4
0
0
0
0
0
6
0
0
0
0
0
8
0
0
7
0
1
0
0
17
17
8
0
0
0
0
0
5
2
4
0
3
3
4
0
0
0
0
0
6
0
0
0
0
0
8
0
0
7
0
1
0
0
17
17
8
0
0
0
0
0
5
2
4
0
3
3
4
0
0
0
0
0
6
0
0
0
0
0
0
0
0
0
17
17
8
0
7
0
0
0
0
5
2
4
0
3
3
4
0
0
0
0
0
6
0
0
0
0
0
8
0
0
0
17
17
8
0
0
8
0
0
0
0
0
5
2
4
0
3
3
4
0
0
0
0
0
6
0
0
0
0
0
0
0
0
0
17
17
8
0
7
0
0
0
0
5
2
4
0
3
3
4
0
0
0
0
0
6
0
0
0
0
0
0
0
0
7
0
1
0
7
0
0
0
0
5
2
4
0
3
3
4
0
0
0
0
0
6
0
0
0
0
0
0
0
0
7
0
1
0
7
0
0
0
0
5
2
4
0
3
3
4
0
0
0
0
0
6
0
0
0
0
0
0
0
0
0
17
17
8
0
7
0
0
0
0
5
2
4
0
3
3
4
0
0
0
0
0
6
0
0
0
0
0
8
0
0
7
0
1
0
0
17
17
8
0
0
0
0
0
5
2
4
0
3
3
4
0
0
0
0
0
6
0
0
0
0
0
8
0
0
7
0
1
0
0
17
17
8
0
0
0
0
0
5
2
4
0
3
3
4
0
0
0
0
0
6
0
0
0
0
0
0
0
0
7
0
1
0
7
0
0
0
0
5
2
4
0
3
3
4
0
0
0
0
0
6
0
0
0
0
0
8
0
0
7
0
1
0
0
17
17
8
0
0
0
0
0
5
2
4
0
3
3
4
0
0
0
0
0
6
0
0
0
0
0
0
0
0
0
17
17
8
0
7
0
0
0
0
5
2
4
0
3
3
4
0
0
0
0
0
6
0
0
0
0
0
0
0
0
0
17
17
8
0
7
0
0
0
0
5
2
4
0

